0.0003939779
0.0003478097
0.0003088975
0.0002732985
0.000269436
0.0002590985
0.0002485104
0.0002456121
0.0002403138
0.0002427942
0.0002159305
0.0002068816
0.0002158379
0.0002216745
0.0002230785
0.000209003
0.0001920424
0.000189685
0.0001965758
0.0001879949
0.0001872864
0.0001727548
0.0001749108
0.0001714374
0.0001650755
0.0001648958
0.0001628899
0.0001575965
0.0001578232
0.0001540495
0.0001535561
0.0001438878
0.0001483137
0.000140599
0.0001406699
0.0001392385
0.0001397816
0.0001283683
0.0001315802
0.0001325381
0.000129886
0.0001330028
0.0001334573
0.0001253537
0.0001204505
0.0001253464
0.0001194419
0.0001117668
0.0001143237
0.0001137218
0.0001108348
0.0001139043
0.0001124337
0.0001096472
0.0001068944
0.0001066479
0.0001052731
0.0001016266
0.0001058641
0.0001019845
9.536771e-05
9.160294e-05
8.878338e-05
9.217238e-05
9.15491e-05
8.506486e-05
8.746422e-05
8.398466e-05
8.294814e-05
8.549749e-05
8.155157e-05
8.234384e-05
8.141533e-05
7.921991e-05
7.730546e-05
7.399683e-05
7.291283e-05
6.934696e-05
7.242291e-05
6.944304e-05
6.677174e-05
6.620411e-05
6.877482e-05
6.475522e-05
6.85956e-05
6.697099e-05
6.702136e-05
6.379368e-05
6.465599e-05
6.329127e-05
5.945757e-05
5.833421e-05
6.087996e-05
6.15404e-05
5.943377e-05
5.743025e-05
5.655008e-05
5.32729e-05
5.340398e-05
5.260064e-05
5.192254e-05
5.158309e-05
5.0773e-05
4.981637e-05
4.908805e-05
4.72717e-05
4.62015e-05
4.82501e-05
4.706183e-05
4.384341e-05
4.326947e-05
4.48442e-05
4.394436e-05
4.488524e-05
4.605937e-05
4.323813e-05
4.301124e-05
4.016017e-05
4.318725e-05
4.054424e-05
4.215516e-05
4.128284e-05
4.001681e-05
3.703075e-05
3.637566e-05
3.639226e-05
3.514364e-05
3.609121e-05
3.653308e-05
3.499737e-05
3.424641e-05
3.327911e-05
3.28825e-05
3.169259e-05
3.209418e-05
3.416217e-05
3.427238e-05
3.44307e-05
3.308369e-05
3.160068e-05
2.992329e-05
2.941104e-05
3.021808e-05
2.794306e-05
2.686564e-05
2.64233e-05
2.598983e-05
2.543162e-05
2.628424e-05
2.483127e-05
2.272035e-05
2.3727e-05
2.341633e-05
2.26006e-05
2.231128e-05
2.189145e-05
2.144859e-05
2.142347e-05
2.134813e-05
2.143747e-05
2.12143e-05
2.18505e-05
2.105552e-05
1.972249e-05
2.000001e-05
1.968488e-05
1.915716e-05
1.895952e-05
1.92988e-05
1.806014e-05
1.81118e-05
1.839746e-05
1.781725e-05
1.745579e-05
1.758681e-05
1.610396e-05
1.528528e-05
1.531466e-05
1.497993e-05
1.516295e-05
1.455734e-05
1.401743e-05
1.379914e-05
1.436906e-05
1.366108e-05
1.310909e-05
1.353139e-05
1.306632e-05
1.302644e-05
1.370164e-05
1.359956e-05
1.313663e-05
1.355911e-05
1.335808e-05
1.387826e-05
1.288905e-05
1.211095e-05
1.195651e-05
1.207275e-05
1.218072e-05
