0.02963227
-0.0001464345
-0.007680251
-0.007395334
-0.004795272
-0.003392074
-0.002057564
0.0002399944
-0.0008018801
-0.003679823
-0.003877819
-0.005228161
-0.005968403
-0.005584019
-0.005238774
-0.003333985
-0.002596751
-0.003899367
-0.001853473
-0.00547832
-0.004990515
-0.006050273
-0.005072559
-0.003213884
-0.00365373
-0.0006881757
0.0004944696
-0.000352545
0.0002850588
0.0003086916
-0.0005089745
-0.001308329
-0.001185207
-0.00170514
-0.00116294
-0.002378777
-0.001691395
-0.0004358689
0.0005554962
0.00106171
0.002794272
0.004633143
0.004808732
0.00569898
0.004536202
0.005256581
0.003663438
0.002762092
0.002348501
0.0001311612
-0.003040617
-0.004912603
-0.00582102
-0.007228661
-0.007817876
-0.0058604
-0.007413214
-0.006910376
-0.007315807
-0.007776225
-0.006541791
-0.004882351
-0.005371113
-0.004645076
-0.005686561
-0.005892406
-0.005857383
-0.004201981
-0.004664357
-0.005021187
-0.008858792
-0.009402465
-0.007500419
-0.007950626
-0.006349653
-0.005589324
-0.006664085
-0.006077597
-0.005407131
-0.004551781
-0.005075181
-0.004542584
-0.006073984
-0.007936013
-0.007509759
-0.006651059
-0.007228014
-0.008766704
-0.00966119
-0.008089076
-0.007114847
-0.007767821
-0.009154792
-0.008157913
-0.008001787
-0.01014924
-0.01096355
-0.01026149
-0.01051409
-0.01231982
-0.01289412
-0.01405355
-0.01545245
-0.011531
-0.009910629
-0.007981994
-0.008981537
-0.009418115
-0.006917075
-0.006041923
-0.00630215
-0.005891418
-0.006626338
-0.008543533
-0.004882773
-0.004162102
-0.002608628
-0.002812994
-0.00440077
-0.003171752
-0.004266955
-0.00471489
-0.006276199
-0.006842764
-0.006739368
-0.008347479
-0.007559615
-0.007761045
-0.006688122
-0.006288345
-0.005960882
-0.007990173
-0.007710573
-0.007402394
-0.005953246
-0.005092628
-0.004517638
-0.006457514
-0.007249614
-0.00786592
-0.008074193
-0.008247267
-0.01002152
-0.01035726
-0.008878835
-0.00912007
-0.009062654
-0.008032397
-0.007783005
-0.008560257
-0.007559189
-0.007882433
-0.008965548
-0.009970671
-0.00681617
-0.006646372
-0.005102648
-0.005688291
-0.004713735
-0.006241538
-0.005195909
-0.004381815
-0.004777009
-0.004200935
-0.004489383
-0.0035247
-0.004170142
-0.003003567
-0.003867847
-0.004066606
-0.002355263
-0.002090539
-0.001242002
-0.001976511
-0.002221099
-0.001615633
-0.002220749
-0.003219899
-0.003358732
-0.005121848
-0.00584425
-0.007977624
-0.008596627
-0.00782801
-0.008483753
-0.009683302
-0.00970784
-0.008218802
-0.007759346
-0.009367406
-0.007915989
-0.007143779
-0.006743695
-0.007047527
-0.00760952
-0.008506488
-0.006612438
-0.005470315
-0.004096762
-0.003159972
