0.004310677
0.00145437
0.001030796
0.0008212606
0.0007281987
0.0007111937
0.0006240202
0.000574993
0.0005863043
0.0005312525
0.0004950577
0.0004996224
0.0004933678
0.0004980173
0.0004612623
0.000464839
0.0004631466
0.0004450485
0.0004432405
0.0004375863
0.0004124547
0.0004279537
0.0004228231
0.0004062263
0.0004085494
0.0004131199
0.0004183676
0.0004202955
0.0004093737
0.000398219
0.0003894387
0.000363998
0.0003774434
0.0003891293
0.000396081
0.0003839503
0.0003687246
0.0003610173
0.0003703866
0.0003588715
0.0003817706
0.0003727826
0.0003609407
0.0003697501
0.0003738463
0.0003796593
0.0003647776
0.0004002375
0.0003664763
0.00038585
0.0003707755
0.00038162
0.0003762446
0.0003815181
0.0003890821
0.0003744294
0.0003698161
0.0003567802
0.0003676935
0.0003660279
0.0003484331
0.000339687
0.0003512866
0.0003714574
0.0003459417
0.0003507793
0.0003592742
0.0003625661
0.0003686368
0.0003421874
0.0003569985
0.0003485991
0.0003395018
0.000349394
0.000335553
0.0003715024
0.0003644602
0.000348841
0.0003562074
0.0003280117
0.0003426192
0.0003275041
0.0003333414
0.0003399318
0.0003282964
0.0003626373
0.0003438142
0.0003395523
0.0003352595
0.000348387
0.0003219867
0.0003298545
0.0003223105
0.0003346059
0.0003440238
0.0003315318
0.0003435083
0.0003489724
0.0003352991
0.0003380432
0.0003243314
0.0003347743
0.0003345427
0.0003377805
0.0003457986
0.0003584394
0.000344236
0.000332381
0.0003380118
0.0003292129
0.0003446681
0.0003438866
0.0003185579
0.0003298482
0.0003066892
0.0003350737
0.0003181313
0.0003350884
0.000339686
0.000340811
0.0003112475
0.0003245602
0.0003438311
0.0003318647
0.0003269433
0.0003072553
0.0003363444
0.0003248298
0.0003108417
0.0003211365
0.0003155087
0.0003349363
0.0003225494
0.0003272717
0.0003062783
0.0003051136
0.0003255191
0.0003143348
0.0003298165
0.0003111636
0.0003155763
0.0003268685
0.0003355966
0.0003294607
0.0003037239
0.0003155995
0.0003217493
0.0003118144
0.0003197943
0.0002995151
0.000312137
0.000313155
0.000298679
0.0003263896
0.0003053214
0.0002987981
0.0003035612
0.0003147307
0.0003019293
0.0003028544
0.000318655
0.0003294013
0.0003171163
0.0003161177
0.0003042047
0.000302021
0.0003185554
0.0003073332
0.0003156559
0.0003058152
0.0003141672
0.0003085833
0.0003281416
0.000298644
0.0003099553
0.000321418
0.0003101859
0.000305544
0.0002937784
0.0003150502
0.0003040477
0.0002975601
0.0002885833
0.0002895006
0.0003017817
0.0003001488
0.0003019767
0.0003036084
0.000298539
0.0002888165
0.0002924516
0.0002835858
0.0003095755
0.0003043126
0.0002852576
0.0002879517
0.0002813817
0.000304715
0.0003044262
0.0002996182
